,stage5_student_full_aadb,stage5_student_full_run_legacy,aadb_composition,nima_ava_unit,alamp_aadb,musiq_aadb_quality_aux,rgnet_aadb,pairwise_aadb_recovered,core_aesthetic_consensus_mean
stage5_student_full_aadb,1.0,-0.10079231692677071,0.7568670773229424,0.4699639855942377,0.3782472989195678,0.3017046818727491,0.4538295318127251,0.10069627851140456,0.6501320528211284
stage5_student_full_run_legacy,-0.10079231692677071,1.0,-0.08499807923746006,-0.25723889555822327,-0.11884753901560624,-0.18463385354141656,-0.26184873949579834,0.2539735894357743,-0.203937575030012
aadb_composition,0.7568670773229424,-0.08499807923746006,1.0,0.4490491745477339,0.3524298889964516,0.3836438728972138,0.5508067620642186,0.06588551678745491,0.744621591331105
nima_ava_unit,0.4699639855942377,-0.25723889555822327,0.4490491745477339,1.0,0.6066266506602641,0.38391356542617044,0.5299879951980793,-0.1675390156062425,0.7234093637454982
alamp_aadb,0.3782472989195678,-0.11884753901560624,0.3524298889964516,0.6066266506602641,1.0,0.29008403361344537,0.486578631452581,-0.14737094837935175,0.8132052821128452
musiq_aadb_quality_aux,0.3017046818727491,-0.18463385354141656,0.3836438728972138,0.38391356542617044,0.29008403361344537,1.0,0.21421368547418967,-0.2276590636254502,0.394765906362545
rgnet_aadb,0.4538295318127251,-0.26184873949579834,0.5508067620642186,0.5299879951980793,0.486578631452581,0.21421368547418967,1.0,-0.17320528211284514,0.7684513805522208
pairwise_aadb_recovered,0.10069627851140456,0.2539735894357743,0.06588551678745491,-0.1675390156062425,-0.14737094837935175,-0.2276590636254502,-0.17320528211284514,1.0,-0.11500600240096039
core_aesthetic_consensus_mean,0.6501320528211284,-0.203937575030012,0.744621591331105,0.7234093637454982,0.8132052821128452,0.394765906362545,0.7684513805522208,-0.11500600240096039,1.0
